26192
7331
7334
11155
75235
116559
28192
19565
11654
140847
11594
12571
25310
125013
111654
24493
95645
95130
95100
92090
91231
89817
89141
88881
88862
88508
88223
87579
87363
87046
87026
87024
87017
86970
86964
86948
86920
86838
86494
83319
134582
134584
134597
143999
113598
139883
134560
128948
135670
145028
32365
121763
136084
133308
152076
121998
172142
152262
126362
98077
57692
39034
90974
82432
28513
128334
22143
36926
5503
133945
76253
11133
116667
41610
27696
17447
11118
104784
122563
61467
19470
18320
12527
19394
76885
27396
138871
7292
2933